4.13519
2.88982
5.29948
6.34297
11.1402
7.68805
10.0794
7.26768
3.97623
9.49453
10.2708
8.95279
8.26201
10.5203
10.2982
8.94913
10.4036
9.6026
9.21123
8.40172
9.56297
9.45071
10.2893
9.41066
10.3598
6.01415
3.19836
4.48144
2.99152
6.9293
9.70604
9.76117
11.0346
8.72967
5.86087
2.62273
3.32177
3.99874
5.58909
5.4838
5.6419
5.12085
5.41269
5.81136
4.47411
2.52555
2.05071
2.27079
3.13927
3.54976
3.77131
2.64655
3.33059
2.26948
2.924
4.20707
3.13522
2.27616
2.19383
2.18696
1.44697
1.44444
1.77228
2.36385
3.33936
5.65281
6.04435
6.75717
6.19199
4.91791
1.87884
4.47369
6.19897
6.97692
8.46449
8.42014
5.82863
2.62036
5.22477
4.29057
5.8631
6.29851
6.22453
3.78445
4.66604
6.11486
2.50993
3.92093
3.37895
4.11975
3.41277
4.17692
5.10389
8.02205
4.1602
4.80894
6.67033
3.86955
7.079
5.81935
