0.01151
0.008774
0.007262
0.005922
0.005786
0.005926
0.00612
0.006111
0.005717
0.005661
0.005746
0.005831
0.006001
0.005726
0.005746
0.005836
0.005956
0.005929
0.005787
0.006034
0.005701
0.005927
0.006017
0.005706
0.005601
0.005837
0.005751
0.00593
0.005686
0.005994
0.006956
0.007831
0.006108
0.006023
0.005926
0.005986
0.005938
0.006065
0.005931
0.005682
0.005663
0.005995
0.005799
0.005792
0.005712
0.005821
0.005974
0.005898
0.005862
0.005674
0.005811
0.005765
0.005723
0.005782
0.005744
0.005832
0.005663
0.005965
0.00602
0.005714
0.005809
0.00588
0.005849
0.005837
0.005928
0.005828
0.005854
0.005797
0.005896
0.00577
0.005847
0.005802
0.005882
0.005896
0.005903
0.005859
0.005744
0.005904
0.005777
0.005825
0.005715
0.005815
0.005842
0.005704
0.005811
0.005814
0.005769
0.005731
0.005851
0.005934
0.005856
0.006072
0.005982
0.005978
0.005832
0.005968
0.006091
0.006113
0.005685
0.005863
0.005811
0.006019
0.005724
0.005921
0.005858
0.005833
0.005821
0.005655
0.005865
0.005738
0.006035
0.005781
0.005902
0.005751
0.005843
0.005944
0.005679
0.005817
0.005874
0.005804
0.005673
0.005715
0.005744
0.005788
0.005969
0.005764
0.005906
0.005819
0.005766
0.006185
0.005831
0.005864
0.005829
0.005928
0.005889
0.005819
0.005771
0.005947
0.005811
0.00583
0.005865
0.005964
0.005791
0.005773
0.005963
0.005811
0.005748
0.005857
0.005833
0.005918
0.005817
0.005853
0.005737
0.006029
0.00577
0.005899
0.005946
0.005915
0.005868
0.005734
0.005972
0.005885
0.005835
0.006074
0.005997
0.00604
0.00615
0.005981
0.005794
0.005861
0.005788
0.00585
0.00571
0.00586
0.005676
0.005943
0.005838
0.00596
0.005845
0.005836
0.006012
0.00578
0.005918
0.005742
0.005666
0.005892
0.005852
0.005709
0.00581
0.005633
0.005857
0.005911
0.005755
0.005893
0.005731
0.006089
0.005665
0.005756
0.005827
0.005804
0.005803
0.005752
0.005784
0.005766
0.005745
0.006045
0.005751
0.005668
0.005989
0.005581
0.005856
0.00587
0.006072
0.005673
0.005902
0.006218
0.006209
0.005854
0.005878
0.005693
0.005766
0.005808
0.006053
0.005854
0.005866
0.005839
0.005843
0.00593
0.005652
0.005843
0.005593
0.005761
0.005671
0.005764
0.005775
0.005806
0.005876
0.005873
0.005909
0.005771
0.00585
0.005819
0.00589
0.00585
0.005736
0.00575
0.005884
0.005562
0.005722
0.005851
0.005817
0.005957
0.005758
0.005917
0.005895
0.005612
0.005921
0.005777
0.005686
0.005959
0.005728
0.005853
0.00574
0.005763
0.005794
0.005602
0.005807
0.00584
0.005758
0.005872
0.005632
0.005805
0.005733
0.005718
0.005862
0.005603
0.005906
0.005767
0.005898
0.00582
0.005767
0.005694
0.005828
0.005739
0.005743
0.005875
0.005726
0.005903
0.005583
0.005783
0.005867
0.005715
0.005704
0.005967
0.005707
0.005781
0.005785
0.005886
0.005961
0.005583
0.005845
0.005962
0.005645
0.005833
0.005809
0.005814
0.005942
0.005696
0.005789
0.005843
0.005652
0.005915
0.005843
0.005682
0.005924
0.005806
0.0058
0.005888
0.005603
0.005947
0.005829
0.006035
0.0057
0.005985
0.005776
0.005846
0.005817
0.005841
0.00584
0.005628
0.005899
0.005772
0.005785
0.005752
0.006202
0.005814
0.005864
0.005897
0.005784
0.00602
0.005832
0.005698
0.005895
0.005756
0.005938
0.005819
0.005794
0.0058
0.005841
0.005842
0.005816
0.005725
0.005774
0.005953
0.005954
0.005797
0.005822
0.005781
0.005857
0.005845
0.005891
0.005768
0.005945
0.005885
0.005724
0.00605
0.005665
0.005868
0.006069
0.005595
0.005626
0.005973
0.005648
0.005851
0.005722
0.005844
0.005936
0.005832
0.005843
0.005796
0.005798
0.005756
0.005784
0.005704
0.005883
0.005796
0.005978
0.005851
0.005783
0.005805
0.005761
0.005798
0.005915
0.005784
0.005903
0.005831
0.005824
0.005839
0.005789
0.00576
0.005801
0.005851
0.005777
0.00589
0.005909
0.005705
0.005775
0.005907
0.005824
0.005856
0.005817
0.005773
0.006169
0.005674
0.005705
0.005888
0.005643
0.005821
0.005742
0.005904
0.005897
0.005706
0.005926
0.005742
0.005799
0.005808
0.00567
0.005729
0.005908
0.00602
0.005774
0.006015
0.005756
0.005684
0.0058
0.005888
0.00589
0.00582
0.005917
0.005654
0.0057
0.005736
0.005763
0.005771
0.005708
0.005798
0.005917
0.005595
0.005779
0.005743
0.005878
0.00566
0.005716
0.005603
0.005641
0.005824
0.005703
0.005698
0.005722
0.005844
0.005586
0.005675
0.005791
0.005718
0.005775
0.00555
0.00582
0.005609
0.005794
0.005807
0.005719
0.005842
0.005631
0.005763
0.005787
0.00571
0.005855
0.005539
0.005776
0.005716
0.005827
0.005761
0.005633
0.005909
0.005589
0.00569
0.005879
0.00567
0.005956
0.005816
0.005889
0.00616
0.005764
0.005907
0.005738
0.005712
0.005735
0.005752
0.005899
0.005664
0.005632
0.005942
0.005799
0.005853
0.005666
0.005852
0.005749
0.00603
0.00566
0.005567
0.005911
0.005785
0.005937
0.005633
0.005869
0.005826
0.00593
0.005747
0.00574
0.005822
0.005695
0.005773
0.005649
0.005758
0.005658
0.005828
0.005732
0.005825
0.005868
0.005651
0.005858
0.005797
0.005941
0.005662
0.00584
0.005844
0.005678
0.006046
0.005952
0.005827
0.005718
0.005871
0.005576
0.005619
0.005889
0.005829
0.005862
0.005683
0.005881
0.005717
0.005648
0.005816
0.005634
0.005874
0.005652
0.005856
0.005846
0.00568
0.005672
0.006086
0.005619
0.005828
0.005903
0.005785
0.005834
0.005829
0.005851
0.005613
0.005756
0.005824
0.00572
0.005858
0.005697
0.005691
0.005846
0.005666
0.005688
0.005794
0.005762
0.005717
0.005862
0.006023
0.00612
0.005819
0.005746
0.00573
0.005736
0.005858
0.005526
0.005567
0.006008
0.005614
0.005788
0.005708
0.005954
0.005747
0.005985
0.005586
0.00571
0.005971
0.005797
0.00569
0.005745
0.005854
0.005928
0.00576
0.005646
0.005936
0.005573
0.005821
0.005978
0.005726
0.005941
0.00576
0.005941
0.005956
0.005767
0.00569
0.005928
0.005715
0.005848
0.005955
0.005703
0.005832
0.005902
0.005922
0.005927
0.005743
0.005818
0.005858
0.005712
0.005668
0.005914
0.005752
0.005864
0.005843
0.005746
0.006026
0.005826
0.005744
0.005699
0.005714
0.005822
0.005861
0.005793
0.005803
0.005761
0.005653
0.005855
0.006035
0.0059
0.005796
0.005751
0.005648
0.005922
0.005796
0.00596
0.005645
0.005804
0.00567
0.005989
0.006269
0.005858
0.005863
0.00585
0.005897
0.006132
0.005983
0.005981
0.005974
0.005979
0.005773
0.005975
0.005962
0.006011
0.005935
0.005894
0.006373
0.005829
0.005851
0.0058
0.006067
0.006274
0.005789
0.005779
0.005952
0.005923
0.005879
0.005859
0.005663
0.006067
0.005692
0.005889
0.005885
0.005834
0.006025
0.006389
0.005699
0.005851
0.005809
0.005607
0.005811
0.005685
0.005978
0.00572
0.005949
0.005792
0.006009
0.005777
0.005888
0.005772
0.005847
0.005774
0.005816
0.005981
0.00577
0.00581
0.005872
0.005974
0.005818
0.005832
0.005817
0.005802
0.005825
0.005918
0.005737
0.005654
0.005735
0.005544
0.006112
0.005752
0.005893
0.005645
0.005697
0.005779
0.005716
0.005803
0.005622
0.005868
0.005698
0.005821
0.005706
0.005752
0.005902
0.005709
0.005809
0.005902
0.005712
0.00583
0.005647
0.006055
0.005799
0.005876
0.005993
0.005752
0.006007
0.005616
0.005817
0.005847
0.005778
0.005775
0.005798
0.005864
0.005828
0.005964
0.005914
0.005793
0.005735
0.005827
0.005876
0.005753
0.005869
0.00574
0.006017
0.00574
0.006026
0.005797
0.005871
0.00573
0.005756
0.005856
0.00564
0.005825
0.005944
0.005743
0.005759
0.005918
0.005784
0.00576
0.005783
0.005773
0.005893
0.005949
0.005822
0.00581
0.005695
0.00569
0.005828
0.005907
0.005789
0.005845
0.005902
0.005742
0.005884
0.005824
0.005869
0.005898
0.005894
0.005796
0.005795
0.005773
0.005702
0.005886
0.005579
0.005946
0.005744
0.005842
0.005856
0.005818
0.005836
0.005657
0.005764
0.005723
0.005758
0.005993
0.005644
0.005725
0.005938
0.005845
0.005675
0.005821
0.005895
0.005685
0.005967
0.005778
0.00584
0.005837
0.005853
0.00589
0.005832
0.005675
0.005875
0.005816
0.00574
0.005732
0.005756
0.005771
0.005806
0.005952
0.005846
0.005693
0.005839
0.005798
0.005752
0.005821
0.005709
0.005835
0.00589
0.005909
0.005693
0.005927
0.005845
0.005749
0.005702
0.005808
0.00559
0.005777
0.005729
0.005948
0.005822
0.005914
0.005865
0.005812
0.005861
0.005949
0.005663
0.00586
0.005923
0.00582
0.005856
0.005792
0.006023
0.005651
0.005813
0.005681
0.005692
0.005946
0.005656
0.005987
0.005822
0.005794
0.00577
0.005824
0.005795
0.005697
0.005741
0.005735
0.005719
0.005861
0.005912
0.005668
0.005899
0.005747
0.005622
0.00567
0.005752
0.005839
0.00573
0.005752
0.006059
0.005913
0.005742
0.005829
0.005774
0.005601
0.005755
0.005793
0.005928
0.005794
0.005935
0.005924
0.005726
0.005733
0.005846
0.00586
0.005816
0.005719
0.005622
0.005864
0.005824
0.005739
0.005917
0.005798
0.005838
0.005733
0.005772
0.005683
0.006033
0.005878
0.005861
0.005869
0.005786
0.005842
0.005739
0.005775
0.00597
0.005856
0.005974
0.005643
0.005673
0.005823
0.00582
0.005809
0.005803
0.005817
0.005738
0.005912
0.005709
0.005775
0.00584
0.005599
0.005853
0.005784
0.005781
0.005902
0.005744
0.005805
0.005864
0.005689
0.005882
0.005956
0.005813
0.0058
0.005618
0.005816
0.005866
0.005634
0.005666
0.005869
0.005712
0.005906
0.005711
0.00583
0.005847
0.005599
0.005743
0.006065
0.005689
0.005826
0.005903
0.005799
0.00606
0.005546
0.005807
0.005882
0.005699
0.00584
0.005788
0.005672
0.005836
